constantFactor:38.0 boundFactor:6.53097642885 logBoundFactor:2.70729870138
tj:3459.0 totalLoops:2 beta:0.818181818182 neta:0.6
tj:3459 numSolutions:249 loThresh:36 hiThresh:212
